# transform file /out/freesurfer/sub-THP0005/mri/transforms/cc_up.lta
# created by root on Sat Sep 14 01:15:04 2019

type      = 0 # LINEAR_VOX_TO_VOX
nxforms   = 1
mean      = 133.0000 130.0000 115.0000
sigma     = 10000.0000
1 4 4
9.996960759162903e-01 -2.156864292919636e-02 -1.193864364176989e-02 1.187353372573853e+00 
2.156710438430309e-02 9.997673630714417e-01 -2.575602266006172e-04 1.423835659027100e+01 
1.194142177700996e-02 -2.910383045673370e-11 9.999286532402039e-01 1.144842147827148e+01 
0.000000000000000e+00 0.000000000000000e+00 0.000000000000000e+00 1.000000000000000e+00 
src volume info
valid = 1  # volume info valid
filename = /out/freesurfer/sub-THP0005/mri/norm.mgz
volume = 256 256 256
voxelsize = 1.000000000000000e+00 1.000000000000000e+00 1.000000000000000e+00
xras   = -9.999998807907104e-01 2.328306436538696e-10 0.000000000000000e+00
yras   = -1.862645149230957e-09 1.490116119384766e-08 -9.999998807907104e-01
zras   = 0.000000000000000e+00 9.999999403953552e-01 1.490116119384766e-08
cras   = 1.512432861328125e+01 2.435894775390625e+01 1.253429412841797e+01
dst volume info
valid = 1  # volume info valid
filename = /out/freesurfer/sub-THP0005/mri/norm.mgz
volume = 256 256 256
voxelsize = 1.000000000000000e+00 1.000000000000000e+00 1.000000000000000e+00
xras   = -9.999998807907104e-01 2.328306436538696e-10 0.000000000000000e+00
yras   = -1.862645149230957e-09 1.490116119384766e-08 -9.999998807907104e-01
zras   = 0.000000000000000e+00 9.999999403953552e-01 1.490116119384766e-08
cras   = 1.512432861328125e+01 2.435894775390625e+01 1.253429412841797e+01
