type      = 1 # LINEAR_RAS_TO_RAS
nxforms   = 1
mean      = 0.0000 0.0000 0.0000
sigma     = 1.0000
1 4 4
1.069179058074951e+00 4.763999953866005e-03 -7.184199988842010e-02 -1.112364196777344e+01 
-7.431999780237675e-03 1.096161007881165e+00 1.152699999511242e-02 -3.096212768554688e+01 
6.172500178217888e-02 2.546299993991852e-02 1.142819046974182e+00 -8.508865356445312e+00 
0.000000000000000e+00 0.000000000000000e+00 0.000000000000000e+00 1.000000000000000e+00 
src volume info
valid = 1  # volume info valid
filename = /out/freesurfer/sub-THP0005/mri/orig_nu.mgz
volume = 256 256 256
voxelsize = 1.000000000000000e+00 1.000000000000000e+00 1.000000000000000e+00
xras   = -9.999998807907104e-01 2.328306436538696e-10 0.000000000000000e+00
yras   = -1.862645149230957e-09 1.490116119384766e-08 -9.999998807907104e-01
zras   = 0.000000000000000e+00 9.999999403953552e-01 1.490116119384766e-08
cras   = 1.512432861328125e+01 2.435894775390625e+01 1.253429412841797e+01
dst volume info
valid = 1  # volume info valid
filename = /opt/freesurfer/average/mni305.cor.mgz
volume = 256 256 256
voxelsize = 1.000000000000000e+00 1.000000000000000e+00 1.000000000000000e+00
xras   = -1.000000000000000e+00 0.000000000000000e+00 0.000000000000000e+00
yras   = 0.000000000000000e+00 0.000000000000000e+00 -1.000000000000000e+00
zras   = 0.000000000000000e+00 1.000000000000000e+00 0.000000000000000e+00
cras   = 0.000000000000000e+00 0.000000000000000e+00 0.000000000000000e+00
subject fsaverage
fscale 0.100000
