# transform file transforms/talairach.lta
# created by root on Fri Sep 13 23:05:41 2019

type      = 0 # LINEAR_VOX_TO_VOX
nxforms   = 1
mean      = 133.0000 130.0000 115.0000
sigma     = 10000.0000
1 4 4
1.059769988059998e+00 -7.371872663497925e-02 -8.445913903415203e-03 -3.844910144805908e+00 
6.142668426036835e-02 1.148561000823975e+00 -2.155714109539986e-02 -3.360031890869141e+01 
3.969927784055471e-03 2.421346679329872e-02 1.074916005134583e+00 -1.686233711242676e+01 
0.000000000000000e+00 0.000000000000000e+00 0.000000000000000e+00 1.000000000000000e+00 
src volume info
valid = 1  # volume info valid
filename = nu.mgz
volume = 256 256 256
voxelsize = 1.000000000000000e+00 1.000000000000000e+00 1.000000000000000e+00
xras   = -9.999998807907104e-01 2.328306436538696e-10 0.000000000000000e+00
yras   = -1.862645149230957e-09 1.490116119384766e-08 -9.999998807907104e-01
zras   = 0.000000000000000e+00 9.999999403953552e-01 1.490116119384766e-08
cras   = 1.512432861328125e+01 2.435894775390625e+01 1.253429412841797e+01
dst volume info
valid = 1  # volume info valid
filename = /opt/freesurfer/average/RB_all_2016-05-10.vc700.gca
volume = 256 256 256
voxelsize = 1.000000000000000e+00 1.000000000000000e+00 1.000000000000000e+00
xras   = -1.000000000000000e+00 0.000000000000000e+00 0.000000000000000e+00
yras   = 0.000000000000000e+00 0.000000000000000e+00 -1.000000000000000e+00
zras   = 0.000000000000000e+00 1.000000000000000e+00 0.000000000000000e+00
cras   = 0.000000000000000e+00 0.000000000000000e+00 0.000000000000000e+00
